427
952134788888.8889 248656067553.91815
951857516111.1111 248740090737.92065
951932034999.9999 248736368472.76648
952084051111.1111 248630914280.93692
952202467777.7777 248632650736.39597
952233005000.0 248759451957.2592
952281386666.6666 248602753017.7547
952234835555.5554 248645748855.91037
952161249444.4445 248636001125.8221
952025682777.7777 248689497944.43094
952139332777.7777 248557676380.30518
951830592777.7777 248742131515.73715
952112953333.3334 248587837415.13242
952127004444.4445 248673651560.3275
951864118333.3333 248726025663.7387
952154091666.6666 248801878369.03458
952368567222.2222 248634369474.3118
952409226666.6667 248578648398.1321
952043768888.8888 248634514854.6109
952152229444.4443 248693989442.08008
